2 16 1 0.005775 
4 16 2 0.003603
8 16 3 0.002687
16 16 4 0.018965
32 16 5 0.031082
64 16 6 0.013499
128 16 7 0.033601
2 17 1 0.012027
4 17 2 0.007006
8 17 3 0.004743
16 17 4 0.009879
32 17 5 0.016013
64 17 6 0.024272
128 17 7 0.044374
2 18 1 0.024988
4 18 2 0.014197
8 18 3 0.009436
16 18 4 0.015099
32 18 5 0.021381
64 18 6 0.024337
128 18 7 0.080820
2 19 1 0.050861
4 19 2 0.029652
8 19 3 0.018718
16 19 4 0.029743
32 19 5 0.028078
64 19 6 0.091426
128 19 7 0.103936
2 20 1 0.110543
4 20 2 0.061514
8 20 3 0.023449
16 20 4 0.061413
32 20 5 0.140968
64 20 6 0.127506
128 20 7 0.181567
