16 0.027288 0.026539
17 0.060279 0.054224
18 0.132347 0.118806
19 0.289586 0.265449
20 0.641145 0.549277
16 0.027255 0.026548
17 0.060259 0.054910
18 0.132245 0.117961 
19 0.289821 0.267215
20 0.634792 0.545391
16 0.027253 0.026535
17 0.060200 0.054227
18 0.132364 0.118280
19 0.289698 0.269284
20 0.636662 0.558587
16 0.027251 0.026544
17 0.060245 0.054231
18 0.132327 0.117977
19 0.289446 0.266925
20 0.636002 0.544036
16 0.027272 0.026540
17 0.060248 0.054239
18 0.132190 0.118801
19 0.289644 0.266964
20 0.637426 0.554101
16 0.027251 0.026535
17 0.060286 0.054906
18 0.132317 0.118766
19 0.290122 0.267641
20 0.639478 0.544043
16 0.027255 0.026531
17 0.060262 0.054928
18 0.132252 0.117989
19 0.289348 0.270117
20 0.637559 0.549647
16 0.027254 0.026383
17 0.060326 0.054905
18 0.132337 0.118089
19 0.289640 0.267066
20 0.638288 0.544341
16 0.027254 0.026733
17 0.060192 0.054229
18 0.132277 0.118891
19 0.289518 0.270173
20 0.638134 0.550494
16 0.027253 0.026401
17 0.060274 0.054897
18 0.132328 0.118556
19 0.289750 0.267311
20 0.637207 0.544165
16 0.027258 0.026533
17 0.060206 0.054229
18 0.132238 0.118022
19 0.289401 0.266724
20 0.644131 0.550618
16 0.027258 0.026534
17 0.060195 0.054232
18 0.132332 0.117962
19 0.289542 0.267036
20 0.636064 0.550572
16 0.027303 0.026386
17 0.060214 0.054293
18 0.132250 0.118892
19 0.289627 0.266976
20 0.633877 0.545737
16 0.027263 0.026379
17 0.060252 0.054916
18 0.132252 0.118533
19 0.289503 0.266897
20 0.634761 0.544186
16 0.027257 0.026545
17 0.060215 0.054319
18 0.132237 0.117975
19 0.289501 0.265417
20 0.636818 0.554863
16 0.027263 0.026538
17 0.060487 0.055023
18 0.132199 0.118725
19 0.289581 0.266934
20 0.635539 0.547209
16 0.027266 0.026574
17 0.060210 0.054891
18 0.132274 0.118819
19 0.289581 0.265972
20 0.633485 0.548127
16 0.027253 0.026531
17 0.060212 0.054896
18 0.132345 0.118841
19 0.290237 0.267005
20 0.635180 0.545898
16 0.027255 0.026766
17 0.060209 0.054240
18 0.132436 0.119277
19 0.289545 0.265504
20 0.631903 0.552780
16 0.027262 0.026543
17 0.060231 0.054232
18 0.132291 0.117955
19 0.289444 0.266914
20 0.633720 0.547850
