128	21	7	0.021335
1	16	0	0.000054
1	20	0	0.000058
2	19	1	0.000566
2	21	1	0.000106
2	16	1	0.000257
2	20	1	0.000315
2	21	1	0.000243
4	16	2	0.000920
4	21	2	0.001061
4	21	2	0.000546
8	19	3	0.000537
8	20	3	0.000751
16	16	4	0.005750
16	20	4	0.004479
16	21	4	0.007457
1	16	0	0.000186
1	17	0	0.000029
1	18	0	0.000028
2	16	1	0.000075
2	17	1	0.000279
2	19	1	0.000329
2	20	1	0.000306
4	18	2	0.000744
4	19	2	0.000537
4	20	2	0.000461
2	16	1	0.000630
2	21	1	0.000191
4	18	2	0.000891
4	20	2	0.000743
64	16	6	0.001793
16	16	4	0.008251
16	21	4	0.005053
32	16	5	0.001263
32	19	5	0.000467
32	21	5	0.000666
64	19	6	0.001776
64	20	6	0.001540
4	16	2	0.001436
4	17	2	0.010987
4	18	2	0.015210
16	17	4	0.005869
16	20	4	0.001739
8	17	3	0.008291
8	21	3	0.021632
16	17	4	0.002803
16	21	4	0.005925
32	19	5	0.002779
32	20	5	0.005123
32	21	5	0.009453
64	17	6	0.002651
64	19	6	0.007240
64	19	6	0.039145
128	16	7	0.030046
128	17	7	0.016511
128	18	7	0.019371
1	19	0	0.000059
1	21	0	0.000036
2	16	1	0.000246
2	18	1	0.000094
2	17	1	0.000597
2	18	1	0.000293
4	19	2	0.000834
4	16	2	0.000046
4	17	2	0.000697
4	20	2	0.000512
8	17	3	0.001309
8	21	3	0.000633
8	21	3	0.001366
2	21	1	0.000318
2	17	1	0.000647
2	20	1	0.000246
8	19	3	0.000464
8	18	3	0.000173
8	21	3	0.000250
16	17	4	0.004888
16	18	4	0.004930
16	19	4	0.004841
16	20	4	0.003902
32	20	5	0.000694
64	18	6	0.002025
8	17	3	0.004868
8	18	3	0.001646
8	19	3	0.001424
8	20	3	0.001572
8	21	3	0.011193
4	20	2	0.008008
4	21	2	0.004864
16	21	4	0.001351
8	19	3	0.002512
16	16	4	0.008878
16	18	4	0.002935
16	20	4	0.010157
32	16	5	0.003019
32	17	5	0.002770
32	18	5	0.003675
32	21	5	0.004567
32	16	5	0.005869
32	19	5	0.008044
32	20	5	0.011821
32	17	5	0.005923
64	18	6	0.007606
64	20	6	0.055181
128	16	7	0.011498
128	17	7	0.013194
128	19	7	0.012980
128	20	7	0.008614
128	21	7	0.006777
128	19	7	0.034000
1	17	0	0.000043
1	18	0	0.000033
2	17	1	0.000086
2	20	1	0.000089
2	19	1	0.000193
4	17	2	0.006943
4	18	2	0.000822
4	20	2	0.005916
4	18	2	0.000044
4	19	2	0.000210
8	16	3	0.000711
8	18	3	0.001380
16	17	4	0.004446
16	18	4	0.006895
16	19	4	0.007051
8	20	3	0.007768
1	19	0	0.000035
1	20	0	0.000038
1	21	0	0.000030
2	18	1	0.000072
4	16	2	0.000376
4	17	2	0.000813
4	21	2	0.000381
4	16	2	0.002053
4	17	2	0.001082
4	19	2	0.000812
4	21	2	0.000695
8	16	3	0.000237
8	17	3	0.000443
8	20	3	0.000369
8	16	3	0.001469
32	17	5	0.000911
64	17	6	0.001762
32	18	5	0.000729
64	21	6	0.001728
4	19	2	0.001095
16	16	4	0.001315
16	18	4	0.001461
16	19	4	0.001258
8	16	3	0.003550
16	19	4	0.002665
32	18	5	0.009887
64	16	6	0.011625
64	20	6	0.003137
64	21	6	0.002939
64	16	6	0.029207
64	17	6	0.026370
64	18	6	0.030180
64 21 6 0.083968
128 18 7 0.016339
128 20 7 0.042150
